Vernier Format 2
chassis.txt 4/26/2022 16:46:37
Run 1
Time	Current	Potential	
T	C	P	
s	A	V	

0.0	0.0006	8.673	
0.1	0.0000	8.698	
0.2	0.0000	8.702	
0.3	0.0000	8.698	
0.4	0.0000	8.698	
0.5	-0.0003	8.698	
0.6	-0.0003	8.693	
0.7	0.0000	8.693	
0.8	0.0000	8.698	
0.9	0.0000	8.702	
1.0	0.0000	8.707	
1.1	0.0000	8.707	
1.2	-0.0003	8.693	
1.3	-0.0003	8.698	
1.4	0.0000	8.693	
1.5	-0.0003	8.698	
1.6	0.0000	8.698	
1.7	0.0000	8.702	
1.8	0.0000	8.702	
1.9	0.0000	8.702	
2.0	-0.0003	8.693	
2.1	0.0000	8.693	
2.2	-0.0003	8.698	
2.3	-0.0003	8.698	
2.4	0.0000	8.707	
2.5	-0.0003	8.698	
2.6	-0.0003	8.698	
2.7	0.0000	8.693	
2.8	-0.0003	8.702	
2.9	0.0000	8.707	
3.0	0.0000	8.707	
3.1	-0.0003	8.698	
3.2	0.0000	8.688	
3.3	-0.0003	8.698	
3.4	-0.0003	8.702	
3.5	0.0000	8.707	
3.6	0.1215	0.893	
3.7	0.1253	0.370	
3.8	0.1496	0.399	
3.9	0.2159	0.649	
4.0	0.2876	1.377	
4.1	0.3760	1.901	
4.2	0.4844	1.226	
4.3	0.4847	2.111	
4.4	0.5259	2.238	
4.5	0.5878	2.101	
4.6	0.6093	2.336	
4.7	0.5645	3.015	
4.8	0.5517	3.363	
4.9	0.6252	2.893	
5.0	0.5530	3.597	
5.1	0.6203	3.250	
5.2	0.6156	3.426	
5.3	0.6262	3.157	
5.4	-0.0003	9.998	
5.5	-0.0003	9.998	
5.6	-0.0003	9.988	
5.7	-0.0003	9.925	
5.8	-0.0003	9.837	
5.9	-0.0003	9.744	
6.0	0.0000	9.685	
6.1	0.0000	9.607	
6.2	-0.0003	9.534	
6.3	0.0000	9.485	
6.4	-0.0003	9.417	
6.5	-0.0003	9.367	
6.6	0.0000	9.323	
6.7	0.0000	9.270	
6.8	-0.0003	9.245	
6.9	-0.0003	9.201	
7.0	0.0000	9.177	
7.1	-0.0003	9.147	
7.2	-0.0003	9.103	
7.3	-0.0003	9.099	
7.4	0.0000	9.059	
7.5	-0.0003	9.045	
7.6	-0.0003	9.020	
7.7	0.0000	9.006	
7.8	0.0000	8.986	
7.9	-0.0003	8.961	
8.0	0.0000	8.952	
8.1	0.0000	8.918	
8.2	0.0000	8.922	
8.3	0.0000	8.893	
8.4	0.0000	8.888	
8.5	-0.0003	8.869	
8.6	0.0000	8.864	
8.7	0.0000	8.844	
8.8	-0.0003	8.835	
8.9	0.0000	8.825	
9.0	0.0000	8.815	
9.1	-0.0003	8.800	
9.2	0.0000	8.791	
9.3	0.0000	8.781	
9.4	-0.0003	8.761	
9.5	0.0000	8.751	
9.6	-0.0003	8.737	
9.7	0.0000	8.732	
9.8	-0.0003	8.727	
9.9	-0.0003	8.712	
10.0	-0.0003	8.702	
10.1	-0.0003	8.693	
10.2	-0.0003	8.688	
10.3	-0.0003	8.673	
10.4	-0.0003	8.673	
10.5	0.0000	8.649	
10.6	0.0000	8.654	
10.7	-0.0003	8.634	
10.8	0.0000	8.634	
10.9	-0.0003	8.629	
11.0	0.0000	8.619	
11.1	0.0000	8.619	
11.2	-0.0003	8.600	
11.3	0.0000	8.605	
11.4	0.0000	8.595	
11.5	-0.0003	8.585	
11.6	0.0000	8.590	
11.7	0.0000	8.566	
11.8	0.0000	8.575	
11.9	0.0000	8.566	
12.0	-0.0003	8.551	
12.1	0.0000	8.556	
12.2	-0.0003	8.536	
12.3	0.0000	8.541	
12.4	-0.0003	8.536	
12.5	0.0000	8.526	
12.6	-0.0003	8.526	
12.7	0.0000	8.507	
12.8	0.0000	8.517	
12.9	0.0000	8.502	
13.0	-0.0003	8.502	
13.1	0.0000	8.497	
13.2	0.0000	8.482	
13.3	0.0000	8.492	
13.4	-0.0003	8.482	
13.5	0.0000	8.473	
13.6	0.0000	8.477	
13.7	0.0000	8.458	
13.8	0.0000	8.463	
13.9	0.0000	8.463	
14.0	-0.0003	8.458	
14.1	0.0000	8.458	
14.2	-0.0003	8.443	
14.3	0.0000	8.453	
14.4	0.0000	8.448	
14.5	0.0000	8.438	
14.6	-0.0003	8.443	
14.7	0.0000	8.429	
14.8	-0.0003	8.434	
14.9	0.0000	8.434	
15.0	0.0000	8.419	
15.1	0.0000	8.434	
15.2	0.0000	8.424	
15.3	-0.0003	8.419	
15.4	-0.0003	8.424	
15.5	-0.0003	8.414	
15.6	0.0000	8.414	
15.7	0.0000	8.419	
15.8	0.0000	8.404	
15.9	0.0000	8.414	
16.0	0.0000	8.419	
16.1	0.0000	8.409	
16.2	0.0000	8.414	
16.3	0.0000	8.414	
16.4	0.0000	8.404	
16.5	0.0000	8.414	
16.6	0.0000	8.394	
16.7	0.0000	8.409	
16.8	-0.0003	8.414	
16.9	-0.0003	8.399	
17.0	-0.0003	8.414	
17.1	0.0000	8.399	
17.2	0.0000	8.409	
17.3	0.0000	8.414	
17.4	0.0000	8.399	
17.5	0.0000	8.414	
17.6	-0.0003	8.414	
17.7	0.0000	8.399	
17.8	0.0000	8.414	
17.9	0.0000	8.419	
18.0	0.0000	8.409	
18.1	-0.0003	8.419	
18.2	-0.0003	8.414	
18.3	0.0000	8.414	
18.4	0.0000	8.419	
18.5	0.0000	8.409	
18.6	0.0000	8.419	
18.7	0.0000	8.419	
18.8	-0.0003	8.414	
18.9	0.0000	8.424	
19.0	-0.0003	8.424	
19.1	0.0000	8.419	
19.2	0.0000	8.434	
19.3	0.0000	8.419	
19.4	0.0000	8.424	
19.5	-0.0003	8.429	
19.6	0.0000	8.419	
19.7	0.0000	8.429	
19.8	0.0000	8.434	
19.9	0.0000	8.419	
20.0	0.0000	8.434	
20.1	-0.0003	8.434	
20.2	0.0000	8.434	
20.3	0.0000	8.434	
20.4	0.0000	8.424	
20.5	0.0000	8.434	
20.6	0.0000	8.438	
20.7	0.0000	8.434	
20.8	0.0000	8.443	
20.9	-0.0003	8.429	
21.0	-0.0003	8.443	
21.1	0.0000	8.448	
21.2	0.0000	8.438	
21.3	0.0000	8.448	
21.4	0.0000	8.438	
21.5	0.0000	8.453	
21.6	0.0000	8.453	
21.7	0.0000	8.443	
21.8	0.0000	8.458	
21.9	0.0000	8.438	
22.0	0.0000	8.453	
22.1	0.0000	8.453	
22.2	0.0000	8.448	
22.3	0.0000	8.453	
22.4	0.0000	8.453	
22.5	0.0000	8.463	
22.6	-0.0003	8.453	
22.7	-0.0003	8.458	
22.8	0.0000	8.458	
22.9	0.0000	8.458	
23.0	-0.0003	8.468	
23.1	-0.0003	8.453	
23.2	0.0000	8.463	
23.3	-0.0003	8.468	
23.4	0.0000	8.458	
23.5	0.0000	8.468	
23.6	0.0000	8.453	
23.7	0.0000	8.468	
23.8	0.0000	8.468	
23.9	-0.0003	8.463	
24.0	0.0000	8.473	
24.1	0.0000	8.463	
24.2	0.0000	8.473	
24.3	0.0000	8.477	
24.4	-0.0003	8.473	
24.5	0.0000	8.473	
24.6	-0.0003	8.463	
24.7	0.0000	8.477	
24.8	0.0000	8.473	
24.9	0.0000	8.473	
25.0	0.0000	8.482	
25.1	0.0000	8.468	
25.2	0.0000	8.482	
25.3	-0.0003	8.473	
25.4	-0.0003	8.477	
25.5	0.0000	8.482	
25.6	-0.0003	8.477	
25.7	-0.0003	8.487	
25.8	0.0000	8.473	
25.9	-0.0003	8.487	
26.0	-0.0003	8.482	
26.1	-0.0003	8.487	
26.2	-0.0003	8.492	
26.3	0.0000	8.482	
26.4	0.0000	8.487	
26.5	0.0000	8.477	
26.6	0.0000	8.492	
26.7	-0.0003	8.477	
26.8	-0.0003	8.487	
26.9	0.0000	8.492	
27.0	0.0000	8.487	
27.1	0.0000	8.497	
27.2	0.0000	8.487	
27.3	0.0000	8.492	
27.4	-0.0003	8.492	
27.5	-0.0003	8.492	
27.6	0.0000	8.497	
27.7	-0.0003	8.492	
27.8	-0.0003	8.507	
27.9	0.0000	8.492	
28.0	0.0000	8.502	
28.1	-0.0003	8.492	
28.2	0.0000	8.497	
28.3	0.0000	8.502	
28.4	-0.0003	8.497	
28.5	-0.0003	8.502	
28.6	0.0000	8.502	
28.7	-0.0003	8.502	
28.8	0.0000	8.492	
28.9	0.0000	8.512	
29.0	0.0000	8.497	
29.1	0.0000	8.507	
29.2	-0.0003	8.507	
29.3	0.0000	8.502	
29.4	0.0000	8.507	
29.5	0.0000	8.497	
29.6	0.0000	8.517	
29.7	0.0000	8.492	
29.8	0.0000	8.512	
29.9	-0.0003	8.512	
30.0	0.0000	8.507	
30.1	0.0000	8.507	
30.2	0.0000	8.502	
30.3	0.0000	8.517	
30.4	0.0000	8.507	
30.5	0.0000	8.512	
30.6	0.0000	8.512	
30.7	0.0000	8.512	
30.8	-0.0003	8.517	
30.9	0.0000	8.502	
31.0	0.0000	8.521	
31.1	0.0000	8.507	
31.2	0.0000	8.517	
31.3	-0.0003	8.502	
31.4	0.0000	8.517	
31.5	-0.0003	8.517	
31.6	-0.0003	8.517	
31.7	0.0000	8.517	
31.8	0.0000	8.512	
31.9	0.0000	8.517	
32.0	0.0000	8.517	
32.1	0.0000	8.521	
32.2	-0.0003	8.512	
32.3	0.0000	8.521	
32.4	0.0000	8.512	
32.5	0.0000	8.526	
32.6	0.0000	8.512	
32.7	0.0000	8.526	
32.8	-0.0003	8.512	
32.9	0.0000	8.526	
33.0	-0.0003	8.512	
33.1	0.0000	8.531	
33.2	0.0000	8.517	
33.3	0.0000	8.526	
33.4	-0.0003	8.517	
33.5	0.0000	8.526	
33.6	0.0000	8.526	
33.7	0.0000	8.526	
33.8	0.0000	8.531	
33.9	0.0000	8.531	
34.0	0.0000	8.531	
34.1	0.0000	8.526	
34.2	0.0000	8.526	
34.3	-0.0003	8.531	
34.4	-0.0003	8.526	
34.5	-0.0003	8.531	
34.6	-0.0003	8.517	
34.7	-0.0003	8.531	
34.8	-0.0003	8.526	
34.9	-0.0003	8.536	
35.0	0.0000	8.517	
35.1	0.0000	8.536	
35.2	0.0000	8.526	
35.3	-0.0003	8.536	
35.4	0.0000	8.521	
35.5	0.0000	8.536	
35.6	0.0000	8.526	
35.7	0.0000	8.536	
35.8	0.0000	8.531	
35.9	0.0000	8.531	
36.0	0.0000	8.531	
36.1	0.0000	8.536	
36.2	0.0000	8.531	
36.3	-0.0003	8.541	
36.4	-0.0003	8.536	
36.5	-0.0003	8.541	
36.6	0.0000	8.541	
36.7	-0.0003	8.531	
36.8	0.0000	8.541	
36.9	-0.0003	8.536	
37.0	0.0000	8.541	
37.1	-0.0003	8.531	
37.2	0.0000	8.541	
37.3	-0.0003	8.531	
37.4	0.0000	8.541	
37.5	-0.0003	8.531	
37.6	0.0000	8.541	
37.7	-0.0003	8.531	
37.8	0.0000	8.546	
37.9	0.0000	8.531	
38.0	-0.0003	8.546	
38.1	0.0000	8.536	
38.2	0.0000	8.541	
38.3	0.0000	8.536	
38.4	-0.0003	8.541	
38.5	0.0000	8.541	
38.6	-0.0003	8.541	
38.7	0.0000	8.541	
38.8	0.0000	8.546	
38.9	0.0000	8.546	
39.0	0.0000	8.541	
39.1	-0.0003	8.551	
39.2	0.0000	8.541	
39.3	-0.0003	8.551	
39.4	-0.0003	8.536	
39.5	0.0000	8.551	
39.6	0.0000	8.536	
39.7	-0.0003	8.551	
39.8	0.0000	8.541	
39.9	0.0000	8.551	
40.0	-0.0003	8.551	
40.1	-0.0003	8.546	
40.2	0.0000	8.551	
40.3	-0.0003	8.536	
40.4	0.0000	8.551	
40.5	0.0000	8.541	
40.6	0.0000	8.556	
40.7	0.0000	8.546	
40.8	0.0000	8.551	
40.9	-0.0003	8.551	
41.0	-0.0003	8.551	
41.1	0.0000	8.556	
41.2	0.0000	8.541	
41.3	-0.0003	8.556	
41.4	0.0000	8.551	
41.5	0.0000	8.556	
41.6	0.0000	8.556	
41.7	-0.0003	8.541	
41.8	0.0000	8.556	
41.9	0.0000	8.551	
42.0	0.0000	8.551	
42.1	0.0000	8.556	
42.2	-0.0003	8.551	
42.3	0.0000	8.556	
42.4	0.0000	8.546	
42.5	-0.0003	8.556	
42.6	-0.0003	8.551	
42.7	0.0000	8.556	
42.8	-0.0003	8.556	
42.9	-0.0003	8.546	
43.0	0.0000	8.560	
43.1	0.0000	8.551	
43.2	0.0000	8.556	
43.3	0.0000	8.551	
43.4	-0.0003	8.551	
43.5	0.0000	8.566	
43.6	-0.0003	8.551	
43.7	0.0000	8.556	
43.8	0.0000	8.556	
43.9	0.0000	8.556	
44.0	0.0000	8.566	
44.1	0.0000	8.551	
44.2	0.0000	8.560	
44.3	0.0000	8.560	
44.4	0.0000	8.551	
44.5	0.0000	8.571	
44.6	-0.0003	8.556	
44.7	-0.0003	8.560	
44.8	0.0000	8.560	
44.9	0.0000	8.551	
45.0	0.0000	8.566	
45.1	0.0000	8.560	
45.2	-0.0003	8.556	
45.3	0.0000	8.571	
45.4	0.0000	8.556	
45.5	0.0000	8.571	
45.6	-0.0003	8.571	
45.7	0.0000	8.551	
45.8	-0.0003	8.571	
45.9	0.0000	8.566	
46.0	0.0000	8.556	
46.1	0.0000	8.571	
46.2	-0.0003	8.566	
46.3	0.0000	8.566	
46.4	0.0000	8.566	
46.5	0.0000	8.551	
46.6	0.0000	8.566	
46.7	0.0000	8.566	
46.8	-0.0003	8.560	
46.9	0.0000	8.571	
47.0	0.0000	8.566	
47.1	-0.0003	8.560	
47.2	0.0000	8.571	
47.3	0.0000	8.560	
47.4	0.0000	8.566	
47.5	-0.0003	8.571	
47.6	0.0000	8.556	
47.7	-0.0003	8.571	
47.8	0.0000	8.566	
47.9	-0.0003	8.566	
48.0	0.0000	8.575	
48.1	0.0000	8.560	
48.2	-0.0003	8.571	
48.3	0.0000	8.575	
48.4	-0.0003	8.566	
48.5	0.0000	8.571	
48.6	0.0000	8.575	
48.7	0.0000	8.566	
48.8	0.0000	8.571	
48.9	0.0000	8.575	
49.0	-0.0003	8.566	
49.1	-0.0003	8.575	
49.2	0.0000	8.575	
49.3	0.0000	8.566	
49.4	0.0000	8.575	
49.5	-0.0003	8.575	
49.6	-0.0003	8.566	
49.7	0.0000	8.566	
49.8	0.0000	8.575	
49.9	0.0000	8.571	
50.0	-0.0003	8.566	
50.1	-0.0003	8.575	
50.2	0.0000	8.575	
50.3	0.0000	8.560	
50.4	0.0000	8.571	
50.5	0.0000	8.575	
50.6	0.0000	8.571	
50.7	-0.0003	8.575	
50.8	0.0000	8.575	
50.9	-0.0003	8.575	
51.0	-0.0003	8.566	
51.1	-0.0003	8.575	
51.2	-0.0003	8.575	
51.3	0.0000	8.566	
51.4	0.0000	8.575	
51.5	0.0000	8.580	
51.6	-0.0003	8.575	
51.7	-0.0003	8.566	
51.8	0.0000	8.575	
51.9	0.0000	8.575	
52.0	0.0000	8.571	
52.1	-0.0003	8.575	
52.2	0.0000	8.580	
52.3	0.0000	8.575	
52.4	0.0000	8.571	
52.5	0.0000	8.575	
52.6	0.0000	8.580	
52.7	0.0000	8.575	
52.8	-0.0003	8.571	
52.9	0.0000	8.580	
53.0	-0.0003	8.580	
53.1	0.0000	8.580	
53.2	0.0000	8.571	
53.3	0.0000	8.575	
53.4	0.0000	8.580	
53.5	-0.0003	8.575	
53.6	0.0000	8.575	
53.7	0.0000	8.580	
53.8	0.0000	8.580	
Vernier Format 2
chassis.txt 4/26/2022 16:46:38
Run 2
Time	Current	Potential	
T	C	P	
s	A	V	

0.0	0.0006	8.575	
0.1	0.0000	8.580	
0.2	0.0000	8.580	
0.3	-0.0003	8.595	
0.4	0.0000	8.595	
0.5	0.0000	8.595	
0.6	0.0000	8.590	
0.7	-0.0003	8.590	
0.8	-0.0003	8.585	
0.9	0.0000	8.585	
1.0	0.0000	8.595	
1.1	0.0000	8.595	
1.2	0.0000	8.595	
1.3	-0.0003	8.595	
1.4	-0.0003	8.590	
1.5	0.0000	8.580	
1.6	0.0000	8.595	
1.7	0.0000	8.590	
1.8	0.0000	8.595	
1.9	0.0000	8.600	
2.0	-0.0003	8.595	
2.1	-0.0003	8.595	
2.2	0.0000	8.580	
2.3	0.0000	8.585	
2.4	-0.0003	8.595	
2.5	-0.0003	8.595	
2.6	0.0000	8.595	
2.7	0.0000	8.595	
2.8	-0.0003	8.595	
2.9	-0.0003	8.585	
3.0	0.0000	8.590	
3.1	0.0000	8.595	
3.2	0.0000	8.595	
3.3	0.0000	8.600	
3.4	0.0000	8.600	
3.5	0.0000	8.595	
3.6	0.0000	8.600	
3.7	-0.0003	8.590	
3.8	0.0000	8.585	
3.9	0.0000	8.595	
4.0	0.0000	8.595	
4.1	0.0000	8.595	
4.2	0.0000	8.600	
4.3	0.0000	8.605	
4.4	0.0000	8.600	
4.5	-0.0003	8.600	
4.6	-0.0003	8.590	
4.7	-0.0003	8.590	
4.8	0.0000	8.590	
4.9	-0.0003	8.595	
5.0	-0.0003	8.595	
5.1	0.0000	8.595	
5.2	0.0000	8.605	
5.3	0.0000	8.600	
5.4	0.0000	8.595	
5.5	-0.0003	8.595	
5.6	0.0000	8.590	
5.7	0.0000	8.590	
5.8	0.0000	8.590	
5.9	-0.0003	8.595	
6.0	0.0000	8.595	
6.1	-0.0003	8.595	
6.2	0.0000	8.600	
6.3	0.0000	8.605	
6.4	0.0000	8.605	
6.5	0.0000	8.605	
6.6	-0.0003	8.605	
6.7	0.0000	8.600	
6.8	0.0000	8.600	
6.9	-0.0003	8.600	
7.0	0.0000	8.605	
7.1	0.0000	8.600	
7.2	-0.0003	8.595	
7.3	0.0000	8.595	
7.4	0.0000	8.595	
7.5	-0.0003	8.595	
7.6	0.0000	8.590	
7.7	0.0000	8.595	
7.8	0.0000	8.595	
7.9	0.0000	8.595	
8.0	0.0000	8.600	
8.1	0.0000	8.600	
8.2	0.0000	8.605	
8.3	-0.0003	8.605	
8.4	-0.0003	8.605	
8.5	0.0000	8.605	
8.6	0.0000	8.605	
8.7	-0.0003	8.605	
8.8	0.0000	8.600	
8.9	0.0000	8.600	
9.0	0.0000	8.600	
9.1	0.0000	8.605	
9.2	0.0000	8.600	
9.3	-0.0003	8.600	
9.4	0.0000	8.600	
9.5	-0.0003	8.605	
9.6	0.0000	8.600	
9.7	0.0000	8.600	
9.8	-0.0003	8.595	
9.9	-0.0003	8.595	
10.0	0.0000	8.595	
10.1	-0.0003	8.595	
10.2	0.0000	8.595	
10.3	0.0000	8.590	
10.4	0.0000	8.595	
10.5	0.0000	8.590	
10.6	-0.0003	8.590	
10.7	0.0000	8.590	
10.8	0.0000	8.590	
10.9	0.0000	8.590	
11.0	0.0000	8.595	
11.1	0.0000	8.595	
11.2	0.0000	8.595	
11.3	-0.0003	8.595	
11.4	0.0000	8.595	
11.5	0.0000	8.595	
11.6	-0.0003	8.595	
11.7	-0.0003	8.595	
11.8	-0.0003	8.605	
11.9	-0.0003	8.605	
12.0	-0.0003	8.605	
12.1	0.0000	8.605	
12.2	-0.0003	8.605	
12.3	0.0000	8.605	
12.4	0.0000	8.610	
12.5	0.0000	8.605	
12.6	-0.0003	8.610	
12.7	-0.0003	8.610	
12.8	0.0000	8.605	
12.9	0.0000	8.605	
13.0	0.0000	8.610	
13.1	0.0000	8.605	
13.2	0.1209	0.673	
13.3	0.0916	0.864	
13.4	0.0994	0.258	
13.5	0.1131	0.243	
13.6	0.1368	0.302	
13.7	0.1720	0.380	
13.8	0.2038	0.595	
13.9	0.2340	0.947	
14.0	0.2573	1.553	
14.1	0.3175	1.392	
14.2	0.3801	0.908	
14.3	0.3763	1.979	
14.4	0.4230	1.896	
14.5	0.4439	2.282	
14.6	0.4003	3.113	
14.7	0.4396	3.035	
14.8	0.4296	3.323	
14.9	0.3894	3.832	
15.0	0.4174	4.033	
15.1	0.4639	3.793	
15.2	0.4327	3.861	
15.3	0.3265	4.932	
15.4	0.3897	4.771	
15.5	0.3246	5.147	
15.6	0.3502	4.810	
15.7	0.3374	5.177	
15.8	0.4576	4.145	
15.9	0.4212	4.507	
16.0	0.3567	5.201	
16.1	0.3337	5.343	
16.2	0.3290	5.294	
16.3	0.4583	4.531	
16.4	0.4826	4.214	
16.5	0.3087	5.509	
16.6	0.3393	5.436	
16.7	0.3178	5.607	
16.8	0.4062	5.094	
16.9	0.4710	4.482	
17.0	0.2860	5.690	
17.1	0.2991	5.807	
17.2	0.2907	5.592	
17.3	0.2776	5.930	
17.4	0.2819	5.905	
17.5	0.4461	4.795	
17.6	0.3162	5.812	
17.7	0.2533	5.988	
17.8	0.2714	5.930	
17.9	0.3573	5.480	
18.0	0.3069	5.504	
18.1	0.4168	4.981	
18.2	0.3636	5.089	
18.3	0.3486	5.568	
18.4	0.4436	4.644	
18.5	0.3932	4.952	
18.6	0.2807	5.803	
18.7	0.4374	4.849	
18.8	0.2676	5.930	
18.9	0.2975	5.720	
19.0	0.3069	5.539	
19.1	0.2851	5.871	
19.2	0.4399	4.761	
19.3	0.2551	6.008	
19.4	0.4059	5.265	
19.5	0.2654	6.028	
19.6	0.2443	6.140	
19.7	0.4265	5.167	
19.8	0.4417	4.879	
19.9	0.2813	5.700	
20.0	0.3013	5.842	
20.1	0.2617	5.891	
20.2	0.2483	5.984	
20.3	0.3265	5.783	
20.4	0.4676	4.659	
20.5	0.2801	5.954	
20.6	0.3137	5.783	
20.7	0.2763	5.734	
20.8	0.4072	5.338	
20.9	0.4458	5.016	
21.0	0.4143	4.937	
21.1	0.2735	5.803	
21.2	0.3215	5.759	
21.3	0.2720	5.803	
21.4	0.4150	4.805	
21.5	0.3081	5.768	
21.6	0.4738	4.644	
21.7	0.4523	4.717	
21.8	0.3938	4.962	
21.9	0.4424	4.835	
22.0	0.4530	4.629	
22.1	0.2826	5.768	
22.2	0.3150	5.441	
22.3	0.4688	4.727	
22.4	0.4688	4.751	
22.5	0.3489	5.206	
22.6	0.3125	5.754	
22.7	0.2785	5.592	
22.8	0.2517	6.057	
22.9	0.3215	5.822	
23.0	0.4171	5.196	
23.1	0.3112	5.734	
23.2	0.2639	5.969	
23.3	0.2847	6.023	
23.4	0.3103	5.431	
23.5	0.2742	5.793	
23.6	0.4639	4.698	
23.7	0.3255	5.328	
23.8	0.3670	5.578	
23.9	0.4411	4.746	
24.0	0.4573	4.600	
24.1	0.4530	4.785	
24.2	0.4570	4.874	
24.3	0.2916	5.099	
24.4	0.3209	5.348	
24.5	0.2932	5.519	
24.6	0.3925	5.387	
24.7	0.3455	5.191	
24.8	0.2390	5.764	
24.9	0.4383	4.991	
25.0	0.2377	5.945	
25.1	0.3848	4.996	
25.2	0.2305	5.988	
25.3	0.4237	5.050	
25.4	0.2178	6.292	
25.5	0.2446	5.940	
25.6	0.3913	5.348	
25.7	0.2514	5.959	
25.8	0.2178	6.169	
25.9	0.2228	5.993	
26.0	0.4337	4.913	
26.1	0.4530	4.854	
26.2	0.3959	4.976	
26.3	0.3483	5.186	
26.4	0.3567	5.162	
26.5	0.3605	5.045	
26.6	0.3442	5.568	
26.7	0.4682	4.605	
26.8	0.3844	5.392	
26.9	0.4464	4.825	
27.0	0.2963	5.490	
27.1	0.2885	5.568	
27.2	0.2985	5.387	
27.3	0.4187	4.849	
27.4	0.2891	5.343	
27.5	0.2801	5.798	
27.6	0.2801	5.759	
27.7	0.3617	5.094	
27.8	0.3851	5.020	
27.9	0.3539	5.578	
28.0	0.3290	5.231	
28.1	0.2754	5.661	
28.2	0.3829	4.937	
28.3	0.4012	5.206	
28.4	0.4489	4.615	
28.5	0.3464	5.490	
28.6	0.3112	5.451	
28.7	0.4271	4.776	
28.8	0.4623	4.844	
28.9	0.2916	5.666	
29.0	0.4150	4.942	
29.1	0.2558	5.842	
29.2	0.4003	4.849	
29.3	0.2876	5.710	
29.4	0.3866	4.976	
29.5	0.1957	6.067	
29.6	0.3981	5.001	
29.7	0.3013	5.666	
29.8	0.3424	5.118	
29.9	0.4296	4.810	
30.0	0.1763	6.243	
30.1	0.2318	5.720	
30.2	0.2829	5.372	
30.3	0.2661	5.490	
30.4	0.2265	5.832	
30.5	0.2178	6.057	
30.6	0.2520	5.852	
30.7	0.4168	5.089	
30.8	0.3614	5.010	
30.9	0.3904	4.893	
31.0	0.2776	5.754	
31.1	0.2555	5.597	
31.2	0.2642	5.597	
31.3	0.4097	4.776	
31.4	0.4290	4.771	
31.5	0.4523	4.737	
31.6	0.2452	5.857	
31.7	0.2794	5.475	
31.8	0.2732	5.734	
31.9	0.3956	5.113	
32.0	0.4473	4.835	
32.1	0.2564	5.768	
32.2	0.2667	5.441	
32.3	0.3947	5.221	
32.4	0.3324	5.108	
32.5	0.2514	5.783	
32.6	0.4237	4.771	
32.7	0.3791	5.284	
32.8	0.2863	5.573	
32.9	0.2658	5.631	
33.0	0.4000	5.167	
33.1	0.3212	5.544	
33.2	0.2187	5.935	
33.3	0.2415	5.715	
33.4	0.3346	5.055	
33.5	0.3826	5.231	
33.6	0.3212	5.622	
33.7	0.2281	5.959	
33.8	0.2614	5.656	
33.9	0.4539	4.683	
34.0	0.4237	4.771	
34.1	0.3576	4.971	
34.2	0.3511	5.005	
34.3	0.4558	4.512	
34.4	0.4346	4.849	
34.5	0.2499	5.690	
34.6	0.2274	5.764	
34.7	0.3891	5.240	
34.8	0.2872	5.597	
34.9	0.3860	5.138	
35.0	0.3262	5.456	
35.1	0.2742	5.348	
35.2	0.1978	5.915	
35.3	0.3748	5.319	
35.4	0.2231	5.803	
35.5	0.3735	4.693	
35.6	0.3935	4.966	
35.7	0.1788	6.150	
35.8	0.1963	6.003	
35.9	0.2355	5.749	
36.0	0.2337	5.617	
36.1	0.3053	5.568	
36.2	0.4159	5.001	
36.3	0.2455	5.661	
36.4	0.2913	5.255	
36.5	0.2816	5.358	
36.6	0.4022	4.766	
36.7	0.2851	5.553	
36.8	0.3483	4.497	
36.9	0.4754	4.345	
37.0	0.4673	4.512	
37.1	0.4084	4.668	
37.2	0.2676	5.539	
37.3	0.3748	5.206	
37.4	0.2860	5.284	
37.5	0.3187	5.333	
37.6	0.4159	4.629	
37.7	0.4608	4.448	
37.8	0.2732	5.622	
37.9	0.2439	5.700	
38.0	0.2661	5.529	
38.1	0.3287	5.343	
38.2	0.3807	4.795	
38.3	0.2240	5.734	
38.4	0.3657	4.927	
38.5	0.3193	5.010	
38.6	0.3872	4.727	
38.7	0.4312	4.825	
38.8	0.4458	4.712	
38.9	0.2449	5.441	
39.0	0.3984	5.010	
39.1	0.2735	5.250	
39.2	0.4495	4.526	
39.3	0.2598	5.265	
39.4	0.4212	4.888	
39.5	0.2489	5.363	
39.6	0.2654	5.255	
39.7	0.2551	5.578	
39.8	0.4171	4.922	
39.9	0.2162	5.592	
40.0	0.3667	4.908	
40.1	0.3047	5.016	
40.2	0.2268	5.514	
40.3	0.4358	4.702	
40.4	0.3804	5.108	
40.5	0.2390	5.456	
40.6	0.3561	4.839	
40.7	0.2901	5.162	
40.8	0.2829	5.191	
40.9	0.2502	5.465	
41.0	0.2679	5.509	
41.1	0.4548	4.541	
41.2	0.3642	5.030	
41.3	0.2542	5.548	
41.4	0.3580	5.099	
41.5	0.3882	4.659	
41.6	0.2480	5.534	
41.7	0.3548	5.201	
41.8	0.2760	5.299	
41.9	0.2960	5.030	
42.0	0.4146	4.707	
42.1	0.4184	4.536	
42.2	0.3592	5.172	
42.3	0.2564	5.446	
42.4	0.2355	5.461	
42.5	0.3171	4.937	
42.6	0.2330	5.446	
42.7	0.2443	5.671	
42.8	0.2200	5.485	
42.9	0.2891	5.050	
43.0	0.2489	5.309	
43.1	0.2648	5.480	
43.2	0.3919	4.937	
43.3	0.2097	5.744	
43.4	0.3184	4.859	
43.5	0.2907	5.035	
43.6	0.3125	4.927	
43.7	0.2427	5.592	
43.8	0.4050	4.717	
43.9	0.4053	4.874	
44.0	0.3087	5.280	
44.1	0.4287	4.536	
44.2	0.2564	5.446	
44.3	0.3508	5.177	
44.4	0.2474	5.485	
44.5	0.4150	4.746	
44.6	0.3470	4.761	
44.7	0.2851	5.270	
44.8	0.2726	5.323	
44.9	0.2919	5.123	
45.0	0.4137	4.521	
45.1	0.3318	4.849	
45.2	0.3953	4.541	
45.3	0.3741	4.619	
45.4	0.4165	4.482	
45.5	0.4424	4.429	
45.6	0.2901	5.035	
45.7	0.2994	5.064	
45.8	0.2941	5.240	
45.9	0.4337	4.575	
46.0	0.3087	5.167	
46.1	0.3140	5.147	
46.2	0.3608	5.045	
46.3	0.4389	4.600	
46.4	0.3109	5.094	
46.5	0.2707	5.221	
46.6	0.4134	4.473	
46.7	0.3959	4.561	
46.8	0.4280	4.678	
46.9	0.3841	4.507	
47.0	0.3623	4.629	
47.1	0.4583	4.443	
47.2	0.2495	5.338	
47.3	0.2623	5.196	
47.4	0.2776	5.045	
47.5	0.2742	5.089	
47.6	0.2710	5.240	
47.7	0.3224	4.776	
47.8	0.2813	5.245	
47.9	0.4187	4.502	
48.0	0.4143	4.248	
48.1	0.2561	5.152	
48.2	0.3536	5.030	
48.3	0.4486	4.341	
48.4	0.2673	5.074	
48.5	0.2212	5.470	
48.6	0.3838	4.517	
48.7	0.2277	5.411	
48.8	0.2056	5.470	
48.9	0.2567	5.064	
49.0	0.2302	5.226	
49.1	0.3337	4.683	
49.2	0.2271	5.328	
49.3	0.3396	4.663	
49.4	0.2305	5.240	
49.5	0.2056	5.270	
49.6	0.2380	5.441	
49.7	0.2380	5.138	
49.8	0.2760	5.245	
49.9	0.2321	5.358	
50.0	0.4305	4.556	
50.1	0.1988	5.519	
50.2	0.2393	5.226	
50.3	0.4361	4.507	
50.4	0.2517	5.270	
50.5	0.2869	5.138	
50.6	0.4103	4.575	
50.7	0.4031	4.756	
50.8	0.3237	5.050	
50.9	0.2536	5.138	
51.0	0.2629	5.177	
51.1	0.4056	4.546	
51.2	0.2838	5.250	
51.3	0.2788	4.918	
51.4	0.3483	4.551	
51.5	0.2723	4.957	
51.6	0.2686	4.996	
51.7	0.2904	5.177	
51.8	0.2234	5.426	
51.9	0.2168	5.382	
52.0	0.2517	5.216	
52.1	0.4159	4.429	
52.2	0.2698	4.937	
52.3	0.3863	4.565	
52.4	0.4159	4.615	
52.5	0.2626	5.050	
52.6	0.3374	4.595	
52.7	0.2686	5.094	
52.8	0.3234	4.678	
52.9	0.3738	4.473	
53.0	0.3056	4.981	
53.1	0.2689	5.069	
53.2	0.3573	4.512	
53.3	0.4050	4.326	
53.4	0.2879	4.893	
53.5	0.2770	5.005	
53.6	0.2901	5.089	
53.7	0.2994	4.785	
53.8	0.4383	4.448	
53.9	0.3891	4.717	
54.0	0.2692	4.810	
54.1	0.3059	4.737	
54.2	0.3119	4.981	
54.3	0.4299	4.262	
54.4	0.2636	5.010	
54.5	0.3888	4.458	
54.6	0.3203	4.629	
54.7	0.2648	5.143	
54.8	0.4405	4.336	
54.9	0.2617	4.639	
55.0	0.2738	4.908	
55.1	0.2925	4.771	
55.2	0.3935	4.404	
55.3	0.2611	4.849	
55.4	0.2953	4.600	
55.5	0.4230	4.502	
55.6	0.3062	4.698	
55.7	0.4159	4.512	
55.8	0.3492	4.869	
55.9	0.2776	5.084	
56.0	0.3498	4.512	
56.1	0.2595	4.893	
56.2	0.2776	4.879	
56.3	0.2511	5.089	
56.4	0.3555	4.463	
56.5	0.2430	5.025	
56.6	0.3156	4.913	
56.7	0.3520	4.487	
56.8	0.3872	4.654	
56.9	0.2785	4.732	
57.0	0.2318	5.089	
57.1	0.2766	4.746	
57.2	0.3969	4.458	
57.3	0.2284	5.147	
57.4	0.3498	4.424	
57.5	0.3919	4.375	
57.6	0.3227	4.888	
57.7	0.4470	4.248	
57.8	0.2415	4.966	
57.9	0.2788	5.060	
58.0	0.4623	4.096	
58.1	0.2418	5.055	
58.2	0.4122	4.262	
58.3	0.3576	4.761	
58.4	0.3981	4.350	
58.5	0.2561	5.040	
58.6	0.2829	4.800	
58.7	0.2639	5.010	
58.8	0.2838	4.952	
58.9	0.4570	4.091	
59.0	0.2714	4.810	
59.1	0.2564	4.971	
59.2	0.2925	4.707	
59.3	0.2586	5.030	
59.4	0.3237	4.776	
59.5	0.2626	4.981	
59.6	0.3352	4.810	
59.7	0.2866	4.707	
59.8	0.3181	4.521	
59.9	0.2738	4.771	
60.0	0.3019	4.521	
60.1	0.3405	4.746	
60.2	0.2576	5.030	
60.3	0.4530	4.120	
60.4	0.2346	5.099	
60.5	0.3072	4.820	
60.6	0.3128	4.541	
60.7	0.4399	4.262	
60.8	0.2072	5.143	
60.9	0.2589	4.742	
61.0	0.2374	5.069	
61.1	0.3087	4.835	
61.2	0.3595	4.688	
61.3	0.2380	4.903	
61.4	0.1866	5.216	
61.5	0.2355	4.874	
61.6	0.2623	4.702	
61.7	0.2542	5.045	
61.8	0.2327	4.918	
61.9	0.2365	5.055	
62.0	0.2019	5.265	
62.1	0.3841	4.365	
62.2	0.2710	4.918	
62.3	0.2358	4.874	
62.4	0.3723	4.292	
62.5	0.4075	4.326	
62.6	0.2140	4.981	
62.7	0.2031	5.035	
62.8	0.3087	4.517	
62.9	0.3461	4.732	
63.0	0.2502	5.055	
63.1	0.1838	5.172	
63.2	0.2047	5.270	
63.3	0.2115	5.191	
63.4	0.3523	4.639	
63.5	0.3137	4.487	
63.6	0.2212	5.084	
63.7	0.3312	4.458	
63.8	0.1963	5.191	
63.9	0.2315	5.005	
64.0	0.4558	4.013	
64.1	0.3134	4.482	
64.2	0.2564	4.766	
64.3	0.2614	4.981	
64.4	0.2324	5.055	
64.5	0.2415	4.859	
64.6	0.3290	4.668	
64.7	0.4171	4.345	
64.8	0.2639	4.712	
64.9	0.2312	4.991	
65.0	0.2421	4.825	
65.1	0.2225	4.976	
65.2	0.4265	4.057	
65.3	0.2916	4.341	
65.4	0.2801	4.629	
65.5	0.4330	4.199	
65.6	0.2692	4.668	
65.7	0.2851	4.600	
65.8	0.4377	4.194	
65.9	0.4227	4.106	
66.0	0.4654	3.935	
66.1	0.3087	4.482	
66.2	0.2464	4.932	
66.3	0.2536	4.790	
66.4	0.2807	4.570	
66.5	0.3196	4.668	
66.6	0.3851	4.316	
66.7	0.4240	4.052	
66.8	0.2041	5.040	
66.9	0.2140	4.888	
67.0	0.3551	4.619	
67.1	0.2197	4.908	
67.2	0.2078	4.942	
67.3	0.2430	4.991	
67.4	0.2299	5.069	
67.5	0.2112	5.074	
67.6	0.2200	4.879	
67.7	0.4470	4.023	
67.8	0.3489	4.238	
67.9	0.4464	3.979	
68.0	0.4467	4.077	
68.1	0.2586	4.678	
68.2	0.4206	4.238	
68.3	0.2813	4.737	
68.4	0.3492	4.610	
68.5	0.2555	4.702	
68.6	0.2925	4.761	
68.7	0.2327	4.810	
68.8	0.2461	4.399	
68.9	0.3950	4.238	
69.0	0.2611	4.869	
69.1	0.2318	4.820	
69.2	0.2561	4.639	
69.3	0.3710	4.541	
69.4	0.3698	4.316	
69.5	0.2614	4.605	
69.6	0.3523	4.551	
69.7	0.4449	3.925	
69.8	0.3337	4.258	
69.9	0.2586	4.781	
70.0	0.2604	4.761	
70.1	0.4209	4.233	
70.2	0.3237	4.526	
70.3	0.3140	4.619	
70.4	0.4355	4.135	
70.5	0.2922	4.678	
70.6	0.4209	4.199	
70.7	0.4779	3.847	
70.8	0.2810	4.629	
70.9	0.4648	3.724	
71.0	0.2960	4.463	
71.1	0.4016	4.003	
71.2	0.4047	4.047	
71.3	0.4156	4.081	
71.4	0.2614	4.732	
71.5	0.3324	4.233	
71.6	0.2570	4.756	
71.7	0.3676	4.429	
71.8	0.2720	4.756	
71.9	0.4299	3.974	
72.0	0.3284	4.615	
72.1	0.2380	4.575	
72.2	0.2321	4.790	
72.3	0.3938	4.194	
72.4	0.2066	4.869	
72.5	0.2826	4.761	
72.6	0.2066	4.800	
72.7	0.2072	4.918	
72.8	0.3112	4.575	
72.9	0.3184	4.272	
73.0	0.2365	4.830	
73.1	0.2742	4.419	
73.2	0.2626	4.844	
73.3	0.4034	3.994	
73.4	0.2686	4.487	
73.5	0.3935	4.160	
73.6	0.2318	4.737	
73.7	0.2405	4.737	
73.8	0.2390	4.678	
73.9	0.3418	4.497	
74.0	0.2523	4.580	
74.1	0.4464	3.881	
74.2	0.2495	4.619	
74.3	0.2530	4.717	
74.4	0.2925	4.365	
74.5	0.3087	4.326	
74.6	0.2421	4.795	
74.7	0.2813	4.624	
74.8	0.3411	4.502	
74.9	0.2361	4.717	
75.0	0.3536	4.111	
75.1	0.3137	4.326	
75.2	0.3810	4.326	
75.3	0.2246	4.751	
75.4	0.2430	4.678	
75.5	0.4296	4.052	
75.6	0.2340	4.737	
75.7	0.2517	4.546	
75.8	0.3103	4.258	
75.9	0.3090	4.243	
76.0	0.4648	3.769	
76.1	0.2748	4.693	
76.2	0.3134	4.233	
76.3	0.3707	4.023	
76.4	0.4445	3.813	
76.5	0.2969	4.272	
76.6	0.2611	4.644	
76.7	0.3489	4.316	
76.8	0.2427	4.663	
76.9	0.2508	4.663	
77.0	0.3474	4.434	
77.1	0.4299	3.984	
77.2	0.3386	4.120	
77.3	0.2766	4.399	
77.4	0.2415	4.732	
77.5	0.2343	4.707	
77.6	0.4224	3.832	
77.7	0.2243	4.634	
77.8	0.2377	4.575	
77.9	0.3648	4.077	
78.0	0.3832	4.209	
78.1	0.2430	4.717	
78.2	0.3654	4.316	
78.3	0.2333	4.605	
78.4	0.3013	4.639	
78.5	0.3673	4.331	
78.6	0.3661	4.262	
78.7	0.2190	4.722	
78.8	0.4199	3.822	
78.9	0.2277	4.615	
79.0	0.3682	4.145	
79.1	0.3526	4.072	
79.2	0.2455	4.683	
79.3	0.2492	4.624	
79.4	0.3860	3.989	
79.5	0.2576	4.360	
79.6	0.2692	4.365	
79.7	0.3526	4.077	
79.8	0.4349	3.744	
79.9	0.2751	4.380	
80.0	0.3393	4.062	
80.1	0.2658	4.478	
80.2	0.2614	4.546	
80.3	0.3969	4.130	
80.4	0.3268	4.360	
80.5	0.2664	4.561	
80.6	0.4685	3.724	
80.7	0.3299	4.272	
80.8	0.4997	3.534	
80.9	0.4539	3.857	
81.0	0.4389	3.935	
81.1	0.3062	4.297	
81.2	0.3293	4.287	
81.3	0.4857	3.632	
81.4	0.3259	4.169	
81.5	0.3075	4.267	
81.6	0.4748	3.543	
81.7	0.3221	4.018	
81.8	0.4249	3.680	
81.9	0.3470	4.067	
82.0	0.3882	3.998	
82.1	0.4604	3.700	
82.2	0.3592	3.994	
82.3	0.3474	4.160	
82.4	0.3704	3.974	
82.5	0.3125	4.223	
82.6	0.2953	4.282	
82.7	0.3234	4.189	
82.8	0.3065	4.214	
82.9	0.3333	4.248	
83.0	0.4573	3.729	
83.1	0.4196	3.944	
83.2	0.4318	3.734	
83.3	0.4009	4.028	
83.4	0.2483	4.619	
83.5	0.2293	4.678	
83.6	0.3414	4.042	
83.7	0.3981	4.003	
83.8	0.2271	4.478	
83.9	0.1994	4.624	
84.0	0.3938	4.023	
84.1	0.3358	4.404	
84.2	0.0000	6.292	
84.3	0.0000	6.331	
84.4	0.0000	6.302	
84.5	0.0000	6.248	
84.6	0.0000	6.223	
84.7	0.0000	6.189	
84.8	-0.0003	6.155	
84.9	0.0000	6.140	
85.0	0.0000	6.106	
85.1	0.0000	6.091	
85.2	0.0000	6.072	
85.3	0.0000	6.037	
85.4	0.0000	6.032	
85.5	-0.0003	6.023	
85.6	0.0000	5.993	
85.7	0.0000	5.988	
85.8	0.0000	5.979	
85.9	0.0000	5.954	
86.0	-0.0003	5.959	
86.1	-0.0003	5.954	
86.2	0.0000	5.935	
86.3	0.0000	5.935	
86.4	0.0000	5.935	
86.5	0.0000	5.915	
86.6	0.0000	5.920	
86.7	0.0000	5.915	
86.8	0.0000	5.910	
86.9	0.0000	5.915	
87.0	0.0000	5.915	
87.1	0.0000	5.910	
87.2	-0.0003	5.920	
87.3	0.0000	5.920	
87.4	0.0000	5.910	
87.5	0.0000	5.930	
87.6	-0.0003	5.930	
87.7	0.0000	5.915	
87.8	0.0000	5.935	
87.9	0.0000	5.935	
88.0	0.0000	5.930	
88.1	-0.0003	5.945	
88.2	0.0000	5.949	
88.3	0.0000	5.945	
88.4	-0.0003	5.954	
88.5	0.0000	5.964	
88.6	0.0000	5.959	
88.7	0.0000	5.974	
88.8	0.0000	5.974	
88.9	0.0000	5.974	
89.0	-0.0003	5.988	
89.1	0.0000	5.993	
89.2	0.0000	5.988	
89.3	-0.0003	5.993	
89.4	0.0000	6.013	
89.5	0.0000	6.008	
89.6	-0.0003	5.998	
89.7	0.0000	6.023	
89.8	-0.0003	6.023	
89.9	0.0000	6.013	
90.0	-0.0003	6.028	
90.1	0.0000	6.032	
90.2	0.0000	6.032	
90.3	0.0000	6.042	
90.4	0.0000	6.052	
90.5	-0.0003	6.047	
90.6	0.0000	6.057	
90.7	0.0000	6.062	
90.8	0.0000	6.062	
90.9	0.0000	6.057	
91.0	0.0000	6.077	
91.1	0.0000	6.077	
91.2	0.0000	6.072	
91.3	0.0000	6.091	
91.4	-0.0003	6.091	
91.5	0.0000	6.091	
91.6	0.0000	6.091	
91.7	0.0000	6.111	
91.8	0.0000	6.111	
91.9	0.0000	6.101	
92.0	0.0000	6.121	
92.1	0.0000	6.125	
92.2	0.0000	6.116	
92.3	0.0000	6.130	
92.4	0.0000	6.140	
92.5	0.0000	6.130	
92.6	-0.0003	6.130	
92.7	0.0000	6.150	
92.8	0.0000	6.145	
92.9	0.0000	6.145	
93.0	0.0000	6.155	
93.1	0.0000	6.165	
93.2	0.0000	6.160	
93.3	-0.0003	6.155	
93.4	0.0000	6.169	
93.5	0.0000	6.169	
93.6	0.0000	6.169	
93.7	0.0000	6.184	
93.8	0.0000	6.189	
93.9	0.0000	6.189	
94.0	0.0000	6.184	
94.1	0.0000	6.189	
94.2	0.0000	6.199	
94.3	0.0000	6.199	
94.4	0.0000	6.194	
94.5	0.0000	6.208	
94.6	0.0000	6.213	
94.7	0.0000	6.204	
94.8	0.0000	6.218	
94.9	0.0000	6.223	
95.0	-0.0003	6.228	
95.1	0.0000	6.218	
95.2	0.0000	6.228	
95.3	0.0000	6.243	
95.4	0.0000	6.238	
95.5	0.0000	6.228	
95.6	0.0000	6.248	
95.7	0.0000	6.252	
95.8	-0.0003	6.248	
95.9	0.0000	6.243	
96.0	0.0000	6.252	
96.1	0.0000	6.277	
96.2	0.0000	6.272	
96.3	0.0000	6.248	
96.4	0.0000	6.282	
96.5	0.0000	6.287	
96.6	-0.0003	6.282	
96.7	0.0000	6.277	
96.8	0.0000	6.292	
96.9	0.0000	6.297	
97.0	-0.0003	6.297	
97.1	0.0000	6.287	
97.2	0.0000	6.302	
97.3	0.0000	6.311	
97.4	0.0000	6.302	
97.5	0.0000	6.302	
97.6	0.0000	6.311	
97.7	0.0000	6.321	
97.8	0.0000	6.316	
97.9	0.0000	6.311	
98.0	0.0000	6.316	
98.1	0.0000	6.326	
98.2	-0.0003	6.326	
98.3	0.0000	6.321	
98.4	0.0000	6.331	
98.5	0.0000	6.341	
98.6	0.0000	6.336	
98.7	0.0000	6.331	
98.8	-0.0003	6.336	
98.9	0.0000	6.346	
99.0	0.0000	6.346	
99.1	0.0000	6.341	
99.2	-0.0003	6.350	
99.3	-0.0003	6.360	
99.4	0.0000	6.355	
99.5	0.0000	6.355	
99.6	0.0000	6.360	
99.7	0.0000	6.365	
99.8	0.0000	6.365	
99.9	0.0000	6.360	
100.0	0.0000	6.375	
100.1	0.0000	6.380	
100.2	0.0000	6.370	
100.3	0.0000	6.365	
100.4	0.0000	6.385	
100.5	0.0000	6.385	
100.6	0.0000	6.385	
100.7	0.0000	6.375	
100.8	-0.0003	6.389	
100.9	0.0000	6.399	
101.0	-0.0003	6.389	
101.1	0.0000	6.389	
101.2	0.0000	6.404	
101.3	0.0000	6.409	
101.4	-0.0003	6.399	
101.5	0.0000	6.389	
101.6	0.0000	6.404	
101.7	0.0000	6.414	
101.8	0.0000	6.409	
101.9	0.0000	6.404	
102.0	0.0000	6.414	
102.1	-0.0003	6.419	
102.2	0.0000	6.419	
102.3	0.0000	6.419	
102.4	-0.0003	6.414	
102.5	0.0000	6.424	
102.6	0.0000	6.424	
102.7	0.0000	6.429	
102.8	0.0000	6.419	
102.9	0.0000	6.438	
103.0	0.0000	6.438	
103.1	0.0000	6.438	
103.2	-0.0003	6.429	
103.3	0.0000	6.443	
103.4	0.0000	6.448	
103.5	0.0000	6.443	
103.6	0.0000	6.438	
103.7	0.0000	6.453	
103.8	0.0000	6.458	
103.9	-0.0003	6.453	
104.0	0.0000	6.443	
104.1	-0.0003	6.458	
104.2	-0.0003	6.458	
104.3	-0.0003	6.463	
104.4	-0.0003	6.458	
104.5	0.0000	6.458	
104.6	0.0000	6.468	
104.7	0.0000	6.472	
104.8	0.0000	6.468	
104.9	0.0000	6.468	
105.0	0.0000	6.458	
105.1	0.0000	6.483	
105.2	0.0000	6.478	
105.3	0.0000	6.478	
105.4	-0.0003	6.478	
105.5	0.0000	6.468	
105.6	0.0000	6.487	
105.7	0.0000	6.492	
105.8	0.0000	6.492	
105.9	0.0000	6.487	
106.0	0.0000	6.483	
106.1	-0.0003	6.497	
106.2	0.0000	6.502	
106.3	0.0000	6.502	
106.4	0.0000	6.492	
106.5	0.0000	6.497	
106.6	0.0000	6.502	
106.7	0.0000	6.507	
106.8	0.0000	6.507	
106.9	-0.0003	6.502	
107.0	0.0000	6.507	
107.1	0.0000	6.517	
107.2	0.0000	6.517	
107.3	0.0000	6.512	
107.4	0.0000	6.507	
107.5	-0.0003	6.517	
107.6	0.0000	6.522	
107.7	0.0000	6.526	
107.8	0.0000	6.522	
107.9	0.0000	6.517	
108.0	0.0000	6.526	
108.1	-0.0003	6.526	
108.2	0.0000	6.536	
108.3	0.0000	6.531	
108.4	0.0000	6.522	
108.5	-0.0003	6.526	
108.6	0.0000	6.536	
108.7	0.0000	6.541	
108.8	-0.0003	6.536	
108.9	0.0000	6.531	
109.0	-0.0003	6.541	
109.1	0.0000	6.541	
109.2	0.0000	6.556	
109.3	0.0000	6.546	
109.4	-0.0003	6.546	
109.5	-0.0003	6.546	
109.6	0.0000	6.556	
109.7	-0.0003	6.556	
109.8	0.0000	6.551	
109.9	0.0000	6.546	
110.0	0.0000	6.561	
110.1	0.0000	6.561	
110.2	-0.0003	6.561	
110.3	0.0000	6.561	
110.4	0.0000	6.551	
110.5	0.0000	6.566	
110.6	0.0000	6.570	
110.7	0.0000	6.566	
110.8	0.0000	6.561	
110.9	0.0000	6.575	
111.0	0.0000	6.580	
111.1	-0.0003	6.575	
111.2	0.0000	6.570	
111.3	-0.0003	6.575	
111.4	-0.0003	6.580	
111.5	0.0000	6.580	
111.6	0.0000	6.580	
111.7	0.0000	6.575	
111.8	0.0000	6.585	
111.9	0.0000	6.590	
112.0	0.0000	6.590	
112.1	0.0000	6.585	
112.2	-0.0003	6.580	
112.3	0.0000	6.595	
112.4	0.0000	6.600	
112.5	0.0000	6.595	
112.6	0.0000	6.590	
112.7	-0.0003	6.595	
112.8	0.0000	6.600	
112.9	0.0000	6.605	
113.0	0.0000	6.600	
113.1	0.0000	6.595	
113.2	0.0000	6.609	
113.3	0.0000	6.609	
113.4	0.0000	6.609	
113.5	0.0000	6.605	
113.6	-0.0003	6.605	
113.7	0.0000	6.614	
113.8	0.0000	6.614	
113.9	0.0000	6.614	
114.0	0.0000	6.609	
114.1	0.0000	6.619	
114.2	0.0000	6.624	
114.3	0.0000	6.614	
114.4	0.0000	6.614	
114.5	-0.0003	6.624	
114.6	0.0000	6.629	
114.7	0.0000	6.624	
114.8	0.0000	6.624	
114.9	-0.0003	6.619	
115.0	-0.0003	6.629	
115.1	0.0000	6.634	
115.2	0.0000	6.634	
115.3	0.0000	6.624	
115.4	0.0000	6.639	
115.5	0.0000	6.639	
115.6	0.0000	6.634	
115.7	0.0000	6.629	
115.8	0.0000	6.639	
115.9	0.0000	6.649	
116.0	0.0000	6.639	
116.1	0.0000	6.639	
116.2	-0.0003	6.639	
116.3	0.0000	6.649	
116.4	0.0000	6.649	
116.5	0.0000	6.644	
116.6	0.0000	6.639	
116.7	0.0000	6.653	
116.8	0.0000	6.653	
116.9	0.0000	6.653	
117.0	0.0000	6.649	
117.1	0.0000	6.649	
117.2	0.0000	6.658	
117.3	0.0000	6.663	
117.4	-0.0003	6.658	
117.5	0.0000	6.653	
117.6	-0.0003	6.653	
117.7	0.0000	6.663	
117.8	0.0000	6.668	
117.9	0.0000	6.663	
118.0	0.0000	6.653	
118.1	0.0000	6.673	
118.2	0.0000	6.673	
118.3	0.0000	6.668	
118.4	0.0000	6.658	
118.5	0.0000	6.673	
118.6	0.0000	6.673	
118.7	0.0000	6.673	
118.8	0.0000	6.668	
118.9	0.0000	6.673	
119.0	0.0000	6.678	
119.1	0.0000	6.683	
119.2	0.0000	6.678	
119.3	0.0000	6.668	
119.4	-0.0003	6.688	
119.5	0.0000	6.683	
119.6	0.0000	6.688	
119.7	0.0000	6.683	
119.8	0.0000	6.673	
119.9	0.0000	6.688	
120.0	0.0000	6.698	
120.1	0.0000	6.688	
120.2	0.0000	6.678	
120.3	0.0000	6.693	
120.4	-0.0003	6.703	
120.5	0.0000	6.693	
120.6	0.0000	6.693	
120.7	0.0000	6.693	
120.8	-0.0003	6.698	
120.9	0.0000	6.703	
121.0	0.0000	6.698	
121.1	0.0000	6.693	
121.2	0.0000	6.703	
121.3	-0.0003	6.707	
121.4	0.0000	6.707	
121.5	0.0000	6.703	
121.6	0.0000	6.703	
121.7	0.0000	6.698	
121.8	-0.0003	6.712	
121.9	0.0000	6.712	
122.0	-0.0003	6.712	
122.1	0.0000	6.712	
122.2	0.0000	6.703	
122.3	0.0000	6.712	
122.4	0.0000	6.722	
122.5	0.0000	6.722	
122.6	-0.0003	6.717	
122.7	0.0000	6.712	
122.8	0.0000	6.717	
122.9	0.0000	6.727	
123.0	0.0000	6.722	
123.1	0.0000	6.717	
123.2	0.0000	6.712	
123.3	0.0000	6.727	
123.4	0.0000	6.727	
123.5	0.0000	6.727	
123.6	0.0000	6.722	
123.7	0.0000	6.717	
123.8	0.0000	6.732	
123.9	0.0000	6.737	
124.0	0.0000	6.737	
124.1	0.0000	6.727	
124.2	-0.0003	6.727	
124.3	0.0000	6.732	
124.4	0.0000	6.742	
124.5	0.0000	6.732	
124.6	-0.0003	6.732	
124.7	0.0000	6.737	
124.8	0.0000	6.742	
124.9	0.0000	6.742	
125.0	0.0000	6.742	
125.1	0.0000	6.737	
125.2	0.0000	6.737	
125.3	0.0000	6.751	
125.4	0.0000	6.751	
125.5	0.0000	6.751	
125.6	0.0000	6.742	
125.7	0.0000	6.742	
125.8	-0.0003	6.751	
125.9	0.0000	6.761	
126.0	0.0000	6.751	
126.1	0.0000	6.751	
126.2	0.0000	6.742	
126.3	0.0000	6.756	
126.4	0.0000	6.766	
126.5	0.0000	6.756	
126.6	-0.0003	6.756	
126.7	0.0000	6.751	
126.8	0.0000	6.761	
126.9	0.0000	6.766	
127.0	-0.0003	6.766	
127.1	0.0000	6.756	
127.2	0.0000	6.756	
127.3	0.0000	6.766	
127.4	0.0000	6.771	
127.5	0.0000	6.771	
127.6	0.0000	6.766	
127.7	0.0000	6.756	
127.8	0.0000	6.771	
127.9	0.0000	6.776	
128.0	0.0000	6.771	
128.1	0.0000	6.766	
128.2	-0.0003	6.771	
128.3	0.0000	6.771	
128.4	0.0000	6.781	
128.5	0.0000	6.776	
128.6	0.0000	6.771	
128.7	-0.0003	6.771	
128.8	0.0000	6.776	
128.9	0.0000	6.781	
129.0	0.0000	6.781	
129.1	0.0000	6.776	
129.2	-0.0003	6.776	
129.3	0.0000	6.781	
129.4	0.0000	6.790	
129.5	0.0000	6.786	
129.6	0.0000	6.781	
129.7	0.0000	6.776	
129.8	0.0000	6.790	
129.9	0.0000	6.795	
130.0	0.0000	6.795	
130.1	0.0000	6.790	
130.2	0.0000	6.781	
130.3	0.0000	6.795	
130.4	0.0000	6.795	
130.5	0.0000	6.795	
130.6	0.0000	6.795	
130.7	0.0000	6.790	
130.8	0.0000	6.786	
130.9	0.0000	6.800	
131.0	0.0000	6.805	
131.1	0.0000	6.795	
131.2	0.0000	6.790	
131.3	0.0000	6.790	
131.4	0.0000	6.805	
131.5	0.0000	6.810	
131.6	0.0000	6.810	
131.7	0.0000	6.810	
131.8	0.0000	6.795	
131.9	0.0000	6.815	
132.0	0.0000	6.815	
132.1	0.0000	6.810	
132.2	0.0000	6.805	
132.3	0.0000	6.800	
132.4	0.0000	6.815	
132.5	0.0000	6.815	
132.6	0.0000	6.815	
132.7	-0.0003	6.810	
132.8	0.0000	6.810	
132.9	0.0000	6.820	
133.0	0.0000	6.820	
133.1	0.0000	6.820	
133.2	0.0000	6.815	
133.3	0.0000	6.810	
133.4	-0.0003	6.820	
133.5	0.0000	6.825	
133.6	0.0000	6.825	
133.7	-0.0003	6.820	
133.8	0.0000	6.815	
133.9	0.0000	6.815	
134.0	0.0000	6.830	
134.1	0.0000	6.830	
134.2	0.0000	6.830	
134.3	-0.0003	6.830	
134.4	0.0000	6.820	
134.5	-0.0003	6.820	
134.6	0.0000	6.830	
134.7	0.0000	6.834	
134.8	0.0000	6.834	
134.9	0.0000	6.834	
135.0	0.0000	6.830	
135.1	0.0000	6.825	
135.2	0.0000	6.839	
135.3	0.0000	6.839	
135.4	0.0000	6.844	
135.5	0.0000	6.834	
135.6	0.0000	6.834	
135.7	-0.0003	6.830	
135.8	0.0000	6.844	
135.9	0.0000	6.849	
136.0	0.0000	6.844	
136.1	0.0000	6.839	
136.2	-0.0003	6.834	
136.3	0.0000	6.849	
136.4	0.0000	6.854	
136.5	-0.0003	6.849	
136.6	0.0000	6.844	
136.7	-0.0003	6.844	
136.8	0.0000	6.849	
136.9	0.0000	6.854	
137.0	0.0000	6.849	
137.1	0.0000	6.849	
137.2	-0.0003	6.849	
137.3	0.0000	6.854	
137.4	0.0000	6.854	
137.5	0.0000	6.854	
137.6	0.0000	6.844	
137.7	0.0000	6.854	
137.8	0.0000	6.854	
137.9	-0.0003	6.869	
138.0	0.0000	6.854	
138.1	0.0000	6.849	
138.2	-0.0003	6.859	
138.3	0.0000	6.864	
138.4	0.0000	6.864	
138.5	0.0000	6.859	
138.6	-0.0003	6.854	
138.7	-0.0003	6.854	
138.8	0.0000	6.864	
138.9	0.0000	6.869	
139.0	0.0000	6.869	
139.1	0.0000	6.859	
139.2	-0.0003	6.854	
139.3	0.0000	6.864	
139.4	0.0000	6.873	
139.5	0.0000	6.869	
139.6	0.0000	6.864	
139.7	-0.0003	6.873	
139.8	0.0000	6.873	
139.9	0.0000	6.878	
140.0	0.0000	6.873	
140.1	0.0000	6.864	
140.2	-0.0003	6.873	
140.3	0.0000	6.873	
140.4	0.0000	6.883	
140.5	0.0000	6.873	
140.6	-0.0003	6.873	
140.7	-0.0003	6.869	
140.8	0.0000	6.883	
140.9	0.0000	6.883	
141.0	0.0000	6.883	
141.1	-0.0003	6.878	
141.2	0.0000	6.869	
141.3	0.0000	6.883	
141.4	0.0000	6.898	
141.5	0.0000	6.893	
141.6	0.0000	6.893	
141.7	0.0000	6.883	
141.8	0.0000	6.873	
141.9	0.0000	6.888	
142.0	0.0000	6.898	
142.1	0.0000	6.903	
142.2	0.0000	6.898	
142.3	0.0000	6.898	
142.4	0.0000	6.883	
142.5	0.0000	6.893	
142.6	0.0000	6.898	
142.7	0.0000	6.908	
142.8	0.0000	6.903	
142.9	0.0000	6.893	
143.0	0.0000	6.903	
143.1	0.0000	6.908	
143.2	0.0000	6.908	
143.3	0.0000	6.903	
143.4	0.0000	6.893	
143.5	0.0000	6.908	
143.6	0.0000	6.913	
143.7	0.0000	6.913	
143.8	0.0000	6.908	
143.9	-0.0003	6.898	
144.0	0.0000	6.913	
144.1	0.0000	6.913	
144.2	0.0000	6.913	
144.3	0.0000	6.908	
144.4	-0.0003	6.908	
144.5	0.0000	6.913	
144.6	0.0000	6.923	
144.7	0.0000	6.913	
144.8	0.0000	6.913	
144.9	-0.0003	6.908	
145.0	0.0000	6.923	
145.1	0.0000	6.923	
145.2	-0.0003	6.927	
145.3	0.0000	6.923	
145.4	-0.0003	6.913	
145.5	0.0000	6.913	
145.6	0.0000	6.923	
145.7	0.0000	6.927	
145.8	0.0000	6.927	
145.9	0.0000	6.927	
146.0	0.0000	6.918	
146.1	-0.0003	6.923	
146.2	0.0000	6.927	
146.3	0.0000	6.932	
146.4	0.0000	6.927	
146.5	0.0000	6.927	
146.6	-0.0003	6.923	
146.7	0.0000	6.932	
146.8	0.0000	6.937	
146.9	0.0000	6.927	
147.0	0.0000	6.927	
147.1	-0.0003	6.927	
147.2	0.0000	6.932	
147.3	0.0000	6.937	
147.4	0.0000	6.937	
147.5	0.0000	6.932	
147.6	0.0000	6.923	
147.7	0.0000	6.942	
147.8	0.0000	6.942	
147.9	0.0000	6.947	
148.0	0.0000	6.937	
148.1	0.0000	6.932	
148.2	0.0000	6.932	
148.3	0.0000	6.947	
148.4	0.0000	6.952	
148.5	0.0000	6.942	
148.6	-0.0003	6.942	
148.7	0.0000	6.937	
148.8	0.0000	6.937	
148.9	0.0000	6.947	
149.0	0.0000	6.952	
149.1	0.0000	6.947	
149.2	0.0000	6.937	
149.3	-0.0003	6.942	
149.4	0.0000	6.952	
149.5	0.0000	6.952	
149.6	0.0000	6.952	
149.7	0.0000	6.947	
149.8	-0.0003	6.947	
149.9	0.0000	6.952	
150.0	0.0000	6.962	
150.1	-0.0003	6.952	
150.2	0.0000	6.952	
150.3	0.0000	6.947	
150.4	0.0000	6.952	
150.5	0.0000	6.962	
150.6	0.0000	6.962	
150.7	-0.0003	6.952	
150.8	0.0000	6.952	
150.9	-0.0003	6.947	
151.0	0.0000	6.962	
151.1	0.0000	6.967	
151.2	0.0000	6.962	
151.3	0.0000	6.967	
151.4	0.0000	6.952	
151.5	0.0000	6.957	
151.6	0.0000	6.967	
151.7	-0.0003	6.967	
151.8	0.0000	6.967	
151.9	0.0000	6.967	
152.0	0.0000	6.952	
152.1	0.0000	6.967	
152.2	0.0000	6.967	
152.3	-0.0003	6.971	
152.4	0.0000	6.967	
152.5	0.0000	6.962	
152.6	0.0000	6.971	
152.7	-0.0003	6.971	
152.8	0.0000	6.971	
152.9	0.0000	6.971	
153.0	0.0000	6.962	
153.1	0.0000	6.967	
153.2	0.0000	6.971	
153.3	0.0000	6.976	
153.4	0.0000	6.971	
153.5	0.0000	6.967	
153.6	0.0000	6.967	
153.7	0.0000	6.976	
153.8	0.0000	6.976	
153.9	0.0000	6.986	
154.0	0.0000	6.976	
154.1	0.0000	6.971	
154.2	0.0000	6.967	
154.3	0.0000	6.976	
154.4	0.0000	6.986	
154.5	0.0000	6.986	
154.6	0.0000	6.981	
154.7	0.0000	6.971	
154.8	0.0000	6.967	
154.9	0.0000	6.986	
155.0	0.0000	6.986	
155.1	0.0000	6.986	
155.2	0.0000	6.986	
155.3	0.0000	6.981	
155.4	0.0000	6.976	
155.5	0.0000	6.991	
155.6	0.0000	6.991	
155.7	0.0000	6.991	
155.8	0.0000	6.986	
155.9	0.0000	6.986	
156.0	0.0000	6.981	
156.1	0.0000	6.996	
156.2	0.0000	6.991	
156.3	0.0000	6.996	
156.4	0.0000	6.991	
156.5	0.0000	6.986	
156.6	0.0000	6.986	
156.7	0.0000	6.996	
156.8	0.0000	6.996	
156.9	0.0000	7.006	
157.0	0.0000	6.996	
157.1	0.0000	6.991	
157.2	0.0000	6.986	
157.3	0.0000	7.001	
157.4	0.0000	7.001	
157.5	0.0000	7.001	
157.6	0.0000	7.001	
157.7	-0.0003	6.996	
157.8	0.0000	6.991	
157.9	0.0000	6.996	
158.0	0.0000	7.006	
158.1	0.0000	7.006	
158.2	0.0000	7.006	
158.3	0.0000	6.996	
158.4	0.0000	6.991	
158.5	0.0000	7.006	
158.6	0.0000	7.010	
158.7	0.0000	7.006	
158.8	0.0000	7.006	
158.9	0.0000	7.001	
159.0	0.0000	7.006	
159.1	0.0000	7.010	
159.2	0.0000	7.010	
159.3	0.0000	7.010	
159.4	0.0000	7.010	
159.5	0.0000	7.006	
159.6	-0.0003	7.006	
159.7	0.0000	7.010	
159.8	0.0000	7.020	
159.9	0.0000	7.010	
160.0	0.0000	7.010	
160.1	0.0000	7.006	
160.2	0.0000	7.015	
160.3	0.0000	7.015	
160.4	0.0000	7.015	
160.5	0.0000	7.015	
160.6	0.0000	7.010	
160.7	0.0000	7.010	
160.8	-0.0003	7.010	
160.9	0.0000	7.020	
161.0	0.0000	7.025	
161.1	0.0000	7.020	
161.2	-0.0003	7.015	
161.3	0.0000	7.010	
161.4	0.0000	7.025	
161.5	0.0000	7.020	
161.6	0.0000	7.025	
161.7	-0.0003	7.015	
161.8	0.0000	7.015	
161.9	0.0000	7.015	
162.0	0.0000	7.025	
162.1	0.0000	7.030	
162.2	0.0000	7.030	
162.3	-0.0003	7.025	
162.4	0.0000	7.025	
162.5	0.0000	7.015	
162.6	0.0000	7.030	
162.7	0.0000	7.030	
162.8	0.0000	7.030	
162.9	-0.0003	7.030	
163.0	0.0000	7.015	
163.1	-0.0003	7.025	
163.2	0.0000	7.030	
163.3	0.0000	7.035	
163.4	0.0000	7.040	
163.5	0.0000	7.030	
163.6	0.0000	7.020	
163.7	0.0000	7.025	
163.8	0.0000	7.040	
163.9	0.0000	7.040	
164.0	0.0000	7.040	
164.1	0.0000	7.035	
164.2	0.0000	7.030	
164.3	-0.0003	7.025	
164.4	0.0000	7.040	
164.5	0.0000	7.045	
164.6	0.0000	7.045	
164.7	0.0000	7.035	
164.8	-0.0003	7.035	
164.9	0.0000	7.030	
165.0	0.0000	7.040	
165.1	0.0000	7.045	
165.2	0.0000	7.045	
165.3	0.0000	7.045	
165.4	0.0000	7.040	
165.5	0.0000	7.030	
165.6	0.0000	7.045	
165.7	0.0000	7.045	
165.8	0.0000	7.050	
165.9	0.0000	7.045	
166.0	0.0000	7.040	
166.1	-0.0003	7.040	
166.2	0.0000	7.050	
166.3	0.0000	7.050	
166.4	0.0000	7.054	
166.5	0.0000	7.045	
166.6	0.0000	7.040	
166.7	0.0000	7.045	
166.8	0.0000	7.050	
166.9	0.0000	7.054	
167.0	0.0000	7.050	
167.1	-0.0003	7.045	
167.2	0.0000	7.045	
167.3	0.0000	7.054	
167.4	0.0000	7.059	
167.5	0.0000	7.054	
167.6	0.0000	7.054	
167.7	0.0000	7.050	
167.8	0.0000	7.050	
167.9	0.0000	7.059	
168.0	0.0000	7.064	
168.1	0.0000	7.059	
168.2	0.0000	7.054	
168.3	0.0000	7.050	
168.4	-0.0003	7.054	
168.5	0.0000	7.059	
168.6	0.0000	7.064	
168.7	0.0000	7.064	
168.8	0.0000	7.064	
168.9	0.0000	7.050	
169.0	0.0000	7.050	
169.1	0.0000	7.064	
169.2	0.0000	7.064	
169.3	0.0000	7.069	
169.4	0.0000	7.069	
169.5	0.0000	7.064	
169.6	0.0000	7.054	
169.7	0.0000	7.059	
169.8	0.0000	7.069	
169.9	0.0000	7.069	
170.0	0.0000	7.074	
170.1	-0.0003	7.069	
170.2	-0.0003	7.064	
170.3	0.0000	7.059	
170.4	-0.0003	7.064	
170.5	0.0000	7.069	
170.6	0.0000	7.069	
170.7	0.0000	7.079	
170.8	0.0000	7.074	
170.9	0.0000	7.069	
171.0	0.0000	7.064	
171.1	0.0000	7.064	
171.2	0.0000	7.069	
171.3	0.0000	7.074	
171.4	0.0000	7.074	
171.5	0.0000	7.079	
171.6	-0.0003	7.069	
171.7	0.0000	7.069	
171.8	-0.0003	7.069	
171.9	0.0000	7.074	
172.0	-0.0003	7.079	
172.1	0.0000	7.079	
172.2	0.0000	7.079	
172.3	0.0000	7.074	
172.4	0.0000	7.069	
172.5	0.0000	7.084	
172.6	0.0000	7.079	
172.7	0.0000	7.084	
172.8	0.0000	7.079	
172.9	0.0000	7.079	
173.0	0.0000	7.069	
173.1	0.0000	7.084	
173.2	0.0000	7.084	
173.3	0.0000	7.084	
173.4	0.0000	7.084	
173.5	0.0000	7.074	
173.6	0.0000	7.079	
173.7	0.0000	7.084	
173.8	0.0000	7.089	
173.9	0.0000	7.084	
174.0	0.0000	7.084	
174.1	0.0000	7.084	
174.2	0.0000	7.079	
174.3	0.0000	7.089	
174.4	0.0000	7.094	
174.5	0.0000	7.089	
174.6	0.0000	7.089	
174.7	0.0000	7.079	
174.8	0.0000	7.089	
174.9	0.0000	7.089	
175.0	0.0000	7.094	
175.1	0.0000	7.089	
175.2	0.0000	7.084	
175.3	0.0000	7.089	
175.4	-0.0003	7.094	
175.5	-0.0003	7.098	
175.6	0.0000	7.089	
175.7	0.0000	7.084	
175.8	0.0000	7.094	
175.9	-0.0003	7.094	
176.0	0.0000	7.098	
176.1	0.0000	7.094	
176.2	0.0000	7.089	
176.3	-0.0003	7.094	
176.4	0.0000	7.098	
176.5	0.0000	7.104	
176.6	0.0000	7.094	
176.7	0.0000	7.089	
176.8	0.0000	7.098	
176.9	0.0000	7.104	
177.0	0.0000	7.104	
177.1	0.0000	7.094	
177.2	0.0000	7.089	
177.3	0.0000	7.104	
177.4	0.0000	7.104	
177.5	0.0000	7.108	
177.6	0.0000	7.108	
177.7	0.0000	7.094	
177.8	-0.0003	7.094	
177.9	0.0000	7.108	
178.0	0.0000	7.108	
178.1	-0.0003	7.108	
178.2	0.0000	7.108	
178.3	0.0000	7.098	
178.4	0.0000	7.104	
178.5	0.0000	7.108	
178.6	0.0000	7.113	
178.7	0.0000	7.108	
178.8	0.0000	7.104	
178.9	0.0000	7.104	
179.0	0.0000	7.113	
179.1	0.0000	7.113	
179.2	0.0000	7.118	
179.3	-0.0003	7.108	
179.4	0.0000	7.104	
179.5	0.0000	7.118	
179.6	0.0000	7.118	
179.7	0.0000	7.113	
179.8	0.0000	7.108	
179.9	0.0000	7.104	
180.0	0.0000	7.118	
180.1	0.0000	7.123	
180.2	0.0000	7.118	
180.3	0.0000	7.118	
180.4	0.0000	7.108	
180.5	0.0000	7.118	
180.6	0.0000	7.123	
180.7	0.0000	7.123	
180.8	0.0000	7.118	
180.9	0.0000	7.108	
181.0	0.0000	7.123	
181.1	0.0000	7.128	
181.2	-0.0003	7.123	
181.3	-0.0003	7.118	
181.4	0.0000	7.113	
181.5	0.0000	7.123	
181.6	0.0000	7.128	
181.7	0.0000	7.128	
181.8	-0.0003	7.123	
181.9	-0.0003	7.118	
182.0	0.0000	7.128	
182.1	0.0000	7.128	
182.2	0.0000	7.128	
182.3	0.0000	7.123	
182.4	-0.0003	7.123	
182.5	0.0000	7.128	
182.6	0.0000	7.133	
182.7	0.0000	7.128	
182.8	0.0000	7.118	
182.9	0.0000	7.133	
183.0	0.0000	7.133	
183.1	0.0000	7.133	
183.2	0.0000	7.128	
183.3	0.0000	7.123	
183.4	0.0000	7.133	
183.5	0.0000	7.133	
183.6	0.0000	7.133	
183.7	0.0000	7.128	
183.8	0.0000	7.128	
183.9	0.0000	7.133	
184.0	0.0000	7.133	
184.1	0.0000	7.133	
184.2	0.0000	7.128	
184.3	0.0000	7.133	
184.4	0.0000	7.133	
184.5	0.0000	7.128	
184.6	0.0000	7.133	
184.7	-0.0003	7.143	
184.8	-0.0003	7.143	
184.9	0.0000	7.128	
185.0	0.0000	7.133	
185.1	0.0000	7.143	
185.2	0.0000	7.138	
185.3	0.0000	7.128	
185.4	0.0000	7.143	
185.5	0.0000	7.148	
185.6	0.0000	7.138	
185.7	0.0000	7.133	
185.8	0.0000	7.138	
185.9	0.0000	7.148	
186.0	0.0000	7.143	
186.1	0.0000	7.138	
186.2	0.0000	7.128	
186.3	0.0000	7.143	
186.4	0.0000	7.152	
186.5	0.0000	7.143	
186.6	0.0000	7.133	
186.7	0.0000	7.148	
186.8	-0.0003	7.148	
186.9	0.0000	7.148	
187.0	0.0000	7.143	
187.1	-0.0003	7.143	
187.2	0.0000	7.148	
187.3	0.0000	7.148	
187.4	0.0000	7.143	
187.5	-0.0003	7.148	
187.6	0.0000	7.152	
187.7	-0.0003	7.148	
187.8	0.0000	7.143	
187.9	0.0000	7.152	
188.0	0.0000	7.157	
188.1	0.0000	7.148	
188.2	0.0000	7.143	
188.3	0.0000	7.157	
188.4	0.0000	7.157	
188.5	0.0000	7.152	
188.6	0.0000	7.143	
188.7	0.0000	7.157	
188.8	0.0000	7.162	
188.9	0.0000	7.157	
189.0	-0.0003	7.143	
189.1	0.0000	7.162	
189.2	0.0000	7.157	
189.3	0.0000	7.152	
189.4	0.0000	7.152	
189.5	0.0000	7.162	
189.6	0.0000	7.162	
189.7	0.0000	7.148	
189.8	0.0000	7.162	
189.9	0.0000	7.167	
190.0	0.0000	7.157	
190.1	0.0000	7.148	
190.2	0.0000	7.162	
190.3	0.0000	7.167	
190.4	0.0000	7.162	
190.5	0.0000	7.152	
190.6	-0.0003	7.167	
190.7	0.0000	7.172	
190.8	0.0000	7.162	
190.9	0.0000	7.152	
191.0	0.0000	7.167	
191.1	-0.0003	7.172	
191.2	0.0000	7.162	
191.3	0.0000	7.157	
191.4	0.0000	7.167	
191.5	0.0000	7.167	
191.6	-0.0003	7.162	
191.7	0.0000	7.167	
191.8	0.0000	7.172	
191.9	0.0000	7.167	
192.0	0.0000	7.162	
192.1	0.0000	7.172	
192.2	0.0000	7.172	
192.3	0.0000	7.167	
192.4	-0.0003	7.167	
192.5	-0.0003	7.172	
192.6	0.0000	7.167	
192.7	0.0000	7.162	
192.8	0.0000	7.172	
192.9	0.0000	7.177	
193.0	0.0000	7.162	
193.1	0.0000	7.167	
193.2	0.0000	7.177	
193.3	0.0000	7.172	
193.4	-0.0003	7.167	
193.5	-0.0003	7.172	
193.6	0.0000	7.177	
193.7	0.0000	7.167	
193.8	0.0000	7.167	
193.9	0.0000	7.177	
194.0	0.0000	7.177	
194.1	0.0000	7.167	
194.2	0.0000	7.182	
194.3	0.0000	7.182	
194.4	0.0000	7.172	
194.5	-0.0003	7.167	
194.6	0.0000	7.177	
194.7	0.0000	7.182	
194.8	0.0000	7.167	
194.9	-0.0003	7.172	
195.0	0.0000	7.182	
195.1	-0.0003	7.182	
195.2	0.0000	7.172	
195.3	-0.0003	7.182	
195.4	0.0000	7.187	
195.5	-0.0003	7.182	
195.6	0.0000	7.172	
195.7	0.0000	7.182	
195.8	0.0000	7.187	
195.9	0.0000	7.182	
196.0	-0.0003	7.187	
196.1	0.0000	7.187	
196.2	0.0000	7.187	
196.3	0.0000	7.172	
196.4	0.0000	7.187	
196.5	0.0000	7.187	
196.6	0.0000	7.182	
196.7	-0.0003	7.187	
196.8	0.0000	7.191	
196.9	0.0000	7.187	
197.0	0.0000	7.172	
197.1	0.0000	7.191	
197.2	0.0000	7.191	
197.3	0.0000	7.182	
197.4	0.0000	7.187	
197.5	0.0000	7.196	
197.6	-0.0003	7.191	
197.7	0.0000	7.182	
197.8	0.0000	7.191	
197.9	0.0000	7.196	
198.0	0.0000	7.187	
198.1	0.0000	7.182	
198.2	0.0000	7.196	
198.3	0.0000	7.196	
198.4	0.0000	7.187	
198.5	0.0000	7.191	
198.6	0.0000	7.196	
198.7	0.0000	7.187	
198.8	0.0000	7.182	
198.9	0.0000	7.196	
199.0	0.0000	7.201	
199.1	-0.0003	7.196	
199.2	0.0000	7.187	
199.3	0.0000	7.196	
199.4	0.0000	7.196	
199.5	0.0000	7.191	
199.6	-0.0003	7.196	
199.7	0.0000	7.201	
199.8	0.0000	7.201	
199.9	0.0000	7.191	
200.0	-0.0003	7.196	
Vernier Format 2
chassis.txt 4/26/2022 16:46:39
Run 3
Time	Current	Potential	
T	C	P	
s	A	V	

			
